place_name: etc.venues, London, UK
coords:
    lat: 51.518747
    lon: -0.079535
date:   2016-09-22 09:15:25 +0100
